11.35
10.8337
11.5217
12.1084
12.2193
10.8378
11.5332
12.5828
10.5724
11.8004
12.0217
12.3474
11.4766
12.1987
11.3757
12.148
10.9818
12.0107
10.7505
10.885
11.8707
11.879
12.3138
11.3516
12.4673
10.623
11.9693
11.3856
11.468
11.5239
11.932
12.2932
11.781
10.7202
12.366
12.1979
12.8875
10.7727
11.2153
12.0282
11.6657
10.954
11.5425
10.7528
10.8791
11.6379
11.5674
12.659
11.9999
12.0917
10.5323
11.5598
10.4566
10.4203
10.7636
12.1157
10.6793
12.426
10.982
11.1594
11.147
12.0199
12.1356
11.2604
12.3754
10.8485
10.9928
11.8892
10.4518
11.2678
10.9047
12.0463
10.9721
10.9819
10.9584
10.995
12.3053
11.148
10.3465
10.5075
10.6412
12.0216
11.1513
12.5496
11.5185
12.2681
11.3611
11.4485
12.0183
11.9739
12.5355
11.7034
12.0802
12.9287
11.9919
11.5893
10.6209
12.03
11.6098
12.4542
12.308
11.5025
12.297
10.9918
11.9158
12.0174
11.3157
12.6218
11.2271
11.8901
10.8771
11.1461
12.2027
11.7417
10.9418
12.1518
11.8773
10.0021
12.274
11.0561
12.0456
11.2469
12.2465
10.2708
12.1576
10.6413
10.5509
12.8519
11.0489
11.6684
12.3376
11.1271
10.3993
11.3669
11.3078
10.6711
11.3789
11.8144
12.233
10.5688
11.0735
12.1868
12.1454
11.9725
10.7111
10.7728
11.5171
12.0513
11.6958
11.3623
10.4478
11.8309
12.1834
11.794
10.7992
11.2096
11.467
10.8879
11.2329
11.3396
10.6368
10.9934
12.0198
11.7565
12.3863
11.8616
11.1036
11.6956
11.4093
12.1234
11.684
11.6062
11.6734
11.1914
12.0101
11.5033
11.3374
11.8438
11.6563
11.0284
11.8523
11.9166
12.6787
11.3129
10.3466
11.0713
11.2295
12.3127
10.8792
11.6881
10.6777
10.9953
11.3984
12.0274
11.3576
12.0038
11.6824
10.1225
11.8178
10.4966
10.3015
11.7445
10.579
11.4343
11.0433
11.4056
11.9691
11.6935
11.1018
11.0864
11.7417
11.2448
11.8913
11.8949
10.1937
12.135
11.3168
11.3412
12.0598
11.552
12.2075
10.9274
12.524
11.2498
11.8416
11.1927
10.4427
10.7743
10.1881
11.6306
10.8524
11.5868
11.2206
10.1396
11.7579
12.1182
11.4884
11.7492
12.0255
11.5499
10.6828
11.7778
11.6047
10.6833
11.472
11.648
10.7573
11.199
11.5894
11.846
11.909
11.0469
11.4024
11.6092
11.8628
11.2645
11.6351
10.5821
11.6848
12.1847
10.2645
11.2128
11.1406
12.0517
11.175
12.0039
12.502
12.373
11.7134
11.5733
11.5341
11.0438
10.5877
11.2345
10.4263
12.1315
12.2013
11.1991
10.9101
10.6218
11.2611
10.9859
11.1969
11.0372
12.061
12.5378
10.9483
10.4751
11.0946
12.486
11.7823
12.2359
10.1321
11.0737
10.6428
12.0788
10.4981
12.1058
11.251
11.8015
10.6339
11.3417
12.6996
10.9233
11.0792
12.0979
11.9754
11.0007
11.2648
12.9416
12.5686
10.7716
12.6347
11.8681
12.197
11.6559
11.2637
11.7981
10.4258
10.3166
11.06
11.9798
11.7083
12.1728
10.2376
11.6879
10.2733
12.0639
11.3462
10.361
12.1446
11.5047
12.1051
12.2898
11.8432
12.4401
11.967
11.1431
12.5266
11.0779
12.0642
10.7436
11.8894
11.5618
11.6191
10.8047
11.4944
10.6253
10.6763
10.5975
11.3178
11.8054
12.6425
11.513
11.9973
11.3019
11.67
11.345
11.4912
11.9372
12.1119
11.4245
12.4863
12.1842
11.2851
11.1869
11.1544
10.9456
11.4095
11.5103
11.1366
11.5354
10.9807
11.6322
11.2271
11.3517
11.0078
10.6844
11.1731
11.2033
12.2211
11.5397
10.484
10.2647
11.3168
12.1915
11.4758
10.6768
12.5265
12.7402
11.7109
11.1763
12.1288
12.0004
12.3258
11.5902
11.9912
11.4199
12.3791
10.8657
12.2052
11.8312
12.2993
10.8086
10.7389
10.8675
11.9383
12.5257
12.1669
12.2433
10.6036
11.4528
10.3203
10.7642
11.6552
11.7578
11.9387
12.1798
12.5127
10.9313
11.4811
11.4011
12.4144
10.7464
10.3004
12.3531
11.44
11.865
10.4553
11.2539
11.4662
11.234
11.3648
11.0077
12.3358
11.7989
12.5181
11.961
10.499
11.9246
12.0888
11.1124
11.1133
11.5321
11.2499
12.0234
10.8905
10.932
11.2804
10.953
11.4156
10.8834
10.5554
10.9095
12.1777
10.8179
11.4105
11.1517
11.7483
11.916
11.3034
10.1739
10.9711
12.0856
11.9721
10.7199
12.4576
11.2011
12.2001
10.8621
11.4856
12.3608
10.3666
12.164
11.8212
11.983
12.0376
12.4585
11.2774
12.018
12.3293
12.1039
11.2339
11.6517
12.1807
12.1126
12.0207
11.6684
12.258
11.5883
12.5661
11.569
12.4796
10.499
11.9696
11.1619
11.8281
12.349
11.6544
11.4503
10.6761
11.7121
11.181
11.5579
11.4031
11.2128
11.7684
11.0617
11.0808
12.579
10.7569
11.5438
12.226
11.5803
11.2359
12.1385
12.3835
11.2156
11.9317
10.7965
11.0608
11.8561
10.4032
12.1511
11.8168
11.1713
12.475
10.9419
11.6141
10.6094
12.1047
11.2511
10.1507
10.7369
12.2785
11.9137
10.8595
10.7533
11.1187
11.696
11.5006
11.5741
12.4605
11.9804
10.6993
11.1402
12.7476
10.409
11.6234
10.8611
10.9955
10.4784
11.7569
10.729
10.9456
11.3448
12.1447
11.508
12.0136
11.0194
11.4146
11.6105
12.4446
11.0742
10.7614
10.9499
11.9644
12.2915
11.8852
11.6289
11.0764
10.7332
12.397
11.8039
11.7208
11.0538
11.4822
11.9969
11.0915
11.116
12.0238
11.3428
10.8806
10.6498
11.1562
10.6008
12.1612
11.079
11.0169
10.4253
12.5624
10.1513
11.8006
11.8298
11.3976
11.3641
12.785
10.859
11.1906
12.4053
11.907
12.0236
10.6728
10.451
11.7525
10.5584
11.6125
12.1972
11.2876
11.9521
10.5442
12.1818
11.845
10.8746
11.0359
11.7142
11.8538
10.5258
10.5008
12.5963
12.6262
12.4244
12.1283
11.9781
12.0997
10.7888
12.3285
11.2745
11.3548
12.1087
11.6061
10.9673
11.5111
10.8005
11.9012
11.8441
12.2924
11.7871
11.5975
11.602
11.4359
11.3778
11.8539
11.1852
11.749
11.6793
11.5469
12.9991
11.833
11.7922
11.7443
10.705
11.665
12.1034
12.7777
11.2562
10.7378
11.0642
11.3474
10.9834
12.0846
11.0349
11.7266
11.7255
11.6027
12.4636
10.5524
11.5849
10.2197
11.6453
11.8672
11.1136
10.8392
11.5844
10.5469
11.9343
12.2756
12.0093
11.0608
12.5339
11.5246
11.0093
11.8082
11.7375
12.5437
11.0949
11.0449
12.2857
11.0746
10.5617
12.5439
11.7673
12.8006
11.2156
11.3513
11.9309
11.5287
12.3012
12.1265
10.7965
12.297
10.3353
10.5308
11.0644
11.8664
11.1138
10.7353
12.186
10.9476
12.7663
11.5258
10.3568
10.4399
11.2835
12.1732
10.0778
12.6587
12.3738
10.8322
12.5654
11.715
11.6968
10.8371
11.4064
12.6234
10.3109
11.7996
11.9374
12.3074
11.5544
11.338
11.1427
11.5895
10.8374
11.1266
11.8867
10.8089
10.8239
11.2288
12.2606
10.2297
12.1156
10.6141
10.9726
10.6479
11.4005
11.2423
10.7484
11.5792
10.8285
11.5373
10.6528
12.0463
11.5923
10.8639
12.0874
11.0447
11.791
10.4575
11.118
11.1144
12.6163
11.8985
12.4177
12.4665
11.4662
10.8976
11.3445
12.75
11.4989
11.0301
11.2271
11.9377
12.0872
12.2337
11.9188
10.2992
12.7158
11.7721
11.4123
12.1325
11.0541
12.3425
10.9465
12.2506
10.9874
11.1379
11.0396
12.1231
12.579
11.9948
11.9135
11.8746
11.8057
11.2394
10.9685
11.0087
11.8492
11.6534
11.4971
11.8808
10.8627
11.2964
12.6857
12.3453
11.3132
11.1907
11.0888
11.0905
10.9878
12.3311
12.4587
11.0176
10.5175
11.1231
10.6252
11.9529
11.1631
11.4964
11.3538
11.3765
12.5812
11.1904
10.9529
12.0573
11.3772
10.3959
11.5169
10.7231
11.4771
11.1322
11.3188
10.691
10.4819
11.2297
12.8798
11.139
12.5854
11.1791
11.2471
11.5129
11.5419
10.6071
11.1451
10.6934
11.9584
12.5779
12.1791
11.118
11.9531
11.3248
12.1292
10.9565
12.4877
12.3963
11.9817
10.8599
11.221
12.1186
11.5699
11.9584
10.8918
12.9409
11.5003
11.1255
12.2971
11.3937
10.5647
10.759
12.4579
11.6691
10.567
12.0399
11.6516
11.2621
12.5471
12.7315
12.2405
12.3119
11.9334
11.5906
12.081
12.1952
11.3966
11.6483
12.2265
10.9839
10.6581
10.746
12.0257
12.143
12.2437
11.5707
10.2328
12.0682
11.8164
11.3113
11.0649
12.743
12.0342
12.1887
11.4101
10.9239
12.6306
12.8905
11.9856
10.9223
12.3135
12.0059
11.4737
12.0362
11.9311
11.7409
11.0277
12.061
11.691
12.2119
11.8067
11.9743
11.3223
10.3118
11.0494
11.0416
12.5175
11.7741
12.4141
10.8269
10.5799
10.3977
11.5978
12.7642
12.051
12.3598
11.3321
11.7888
12.3225
11.4824
11.3811
12.47
10.8935
11.5837
10.6637
12.0065
11.4556
11.9623
11.1661
12.5295
12.1714
10.6059
10.8801
11.7403
11.1111
12.1895
10.7238
11.7251
10.9443
10.4479
11.1786
11.7165
10.2981
11.2916
11.2962
11.6166
11.5737
10.8395
12.0154
11.5905
11.852
12.3339
12.6662
11.0076
11.6398
11.4272
12.1793
10.5194
12.4254
11.6699
11.2434
11.998
12.3125
11.6248
12.0681
11.5055
11.4824
10.6361
12.7185
11.3476
10.6429
11.4384
10.4441
11.5172
10.455
11.5791
11.3213
11.0513
11.6761
11.9424
10.8476
11.5975
12.0818
